name: tensorflow_examples_env
channels:
  - conda-forge
  - defaults
dependencies:
  - absl-py=0.14.0=pyhd8ed1ab_0
  - astor=0.8.1=pyh9f0ad1d_0
  - ca-certificates=2021.5.30=h5b45459_0
  - cached-property=1.5.2=hd8ed1ab_1
  - cached_property=1.5.2=pyha770c72_1
  - dataclasses=0.8=pyhc8e2a94_3
  - gast=0.5.0=pyhd8ed1ab_0
  - google-pasta=0.2.0=pyh8c360ce_0
  - grpcio=1.38.1=py37h04d2302_0
  - h5py=3.4.0=nompi_py37h2502845_101
  - hdf5=1.12.1=nompi_h2a0e4a3_100
  - importlib-metadata=4.8.1=py37h03978a9_0
  - intel-openmp=2021.3.0=h57928b3_3372
  - keras-applications=1.0.8=py_1
  - keras-preprocessing=1.1.2=pyhd8ed1ab_0
  - krb5=1.19.2=hbae68bd_2
  - libblas=3.9.0=11_win64_mkl
  - libcblas=3.9.0=11_win64_mkl
  - libcurl=7.79.1=h789b8ee_1
  - liblapack=3.9.0=11_win64_mkl
  - libprotobuf=3.18.0=h7755175_1
  - libssh2=1.10.0=h680486a_2
  - libzlib=1.2.11=h8ffe710_1012
  - m2w64-gcc-libgfortran=5.3.0=6
  - m2w64-gcc-libs=5.3.0=7
  - m2w64-gcc-libs-core=5.3.0=7
  - m2w64-gmp=6.1.0=2
  - m2w64-libwinpthread-git=5.0.0.4634.697f757=2
  - markdown=3.3.4=pyhd8ed1ab_0
  - mkl=2021.3.0=hb70f87d_564
  - msys2-conda-epoch=20160418=1
  - numpy=1.21.2=py37h940b05c_0
  - openssl=1.1.1l=h8ffe710_0
  - pip=21.2.4=pyhd8ed1ab_0
  - protobuf=3.18.0=py37hf2a7229_0
  - python=3.7.10=h7840368_101_cpython
  - python_abi=3.7=2_cp37m
  - scipy=1.7.1=py37hb6553fb_0
  - setuptools=58.0.4=py37h03978a9_2
  - six=1.16.0=pyh6c4a22f_0
  - sqlite=3.36.0=h8ffe710_2
  - tbb=2021.3.0=h2d74725_0
  - tensorboard=1.14.0=py37_0
  - tensorflow=1.14.0=h1f41ff6_0
  - tensorflow-base=1.14.0=py37hc8dfbb8_0
  - tensorflow-estimator=1.14.0=py37h5ca1d4c_0
  - termcolor=1.1.0=py_2
  - tk=8.6.11=h8ffe710_1
  - typing_extensions=3.10.0.2=pyha770c72_0
  - ucrt=10.0.20348.0=h57928b3_0
  - vc=14.2=hb210afc_5
  - vs2015_runtime=14.29.30037=h902a5da_5
  - werkzeug=2.0.1=pyhd8ed1ab_0
  - wheel=0.37.0=pyhd8ed1ab_1
  - wrapt=1.12.1=py37hcc03f2d_3
  - zipp=3.5.0=pyhd8ed1ab_0
  - zlib=1.2.11=h8ffe710_1012
  - pip:
    - cycler==0.10.0
    - kiwisolver==1.3.2
    - matplotlib==3.4.3
    - pandas==1.3.3
    - pillow==8.3.2
    - pyparsing==2.4.7
    - python-dateutil==2.8.2
    - pytz==2021.1
prefix: C:\Users\Sushil\anaconda3\envs\tensorflow_examples_env
